0.851843643377804 -0.7733689633475597 
5.377642775528102E-17 0.9999999926672322 
0.652509186058383 -0.4582633236202275 
0.8233332181659709 -0.4582923508799342 
0.6183972865806192 -0.12422703468959255 
0.4538882790776465 -0.12421843610976369 
0.2577842364695817 0.2421611486210654 
0.4093140830424602 0.24215562233461146 
0.0829951894734183 0.6696523586890171 
0.1822325637362276 0.6696312700880287 
0.8356633131672367 -0.6647054812696596 
0.8337035711297937 -0.6398708259433422 
0.19231704224931076 0.6074299694838108 
0.0647102712779889 0.6876968077245417 
0.23672547795115828 0.2970185615768757 
0.8390635305040466 -0.7060274580057299 
0.831179437846841 -0.6017654728623595 
0.43994258924547625 -0.08144160027095954 
0.18722813801275637 0.6406555466162956 
0.8260375250748507 -0.510668563081331 
0.6228057035939056 -0.19818854294756366 
0.8427463872718943 -0.7389716792804992 
0.8243858234683826 -0.4795294070579648 
0.24374850224045483 0.26723141287030155 
0.4244568095871456 0.05352612285746021 
0.44419515322756714 -0.10328444637905138 
0.6305244772487362 -0.3101971861051353 
0.8485882893895327 -0.7657394583695853 
0.6398211858129635 -0.40725233056114074 
0.19543779449384574 0.5858320325723583 
0.042617686031103975 0.7542638035399646 
0.02675791378083009 0.8164856524025588 
0.22759218543431708 0.36009449011266464 
0.04654201259470242 0.738012107034653 
0.8274018423092263 -0.5371175614295947 
0.4290074880533043 0.006689551337092909 
0.6209924371845986 -0.168524724276163 
0.41743861400386373 0.1374312646897626 
0.6327124046866126 -0.33710039715512413 
0.051450868181814324 0.7217750248097891 
0.05552045866219742 0.7096854056487698 
0.01175126742523909 0.8938013755623471 
0.008285286252730492 0.9133485734325473 
0.6289454374819142 -0.28936347978598703 
0.41509477384991406 0.16617264282657823 
0.8284263288068016 -0.5555062289261581 
0.005259682755889616 0.9266117190142156 
0.21149070984331805 0.4654205404832249 
0.6370590755942329 -0.38195599652178447 
0.23321457974738413 0.31555000001377764 
0.22251282590502675 0.3837100928565289 
0.43580175703473134 -0.053314251249893765 
0.203966395976593 0.5230234863745419 
0.061161246671666836 0.6953397598837265 
0.44907588176263313 -0.11901344239164938 
0.24922292531091017 0.25163112137682087 
0.8407970709056797 -0.7227942084298403 
0.633870894878609 -0.3503822574632859 
0.2140259582915422 0.4460855166187652 
0.4352118742625482 -0.048760390552039366 
0.037691592341782376 0.770948912023919 
0.6463032407807315 -0.44586938580854774 
0.018855216585179746 0.8521585729445025 
0.23090513774398377 0.3288973634381981 
0.18611301226691096 0.6585363647660926 
0.4224154979980698 0.07899279458389853 
0.6360483959892047 -0.3707178875740818 
0.22973601619504835 0.34773270895343805 
0.4273204471186158 0.03235128811797454 
0.4142624188897618 0.17693721868453322 
0.43190352191112463 -0.0211585727771168 
0.642130628619836 -0.42392227911771224 
0.015434905855805875 0.8686633500982358 
0.032337208706494036 0.7926992324106372 
0.41982635771905374 0.10733242173662343 
0.6198673330525462 -0.14954705616260996 
0.41838841698628104 0.12563443513786776 
0.4316539671923483 -0.018925263602478447 
0.20658576072378723 0.5030452717489352 
0.22149317666524726 0.3913226113523734 
0.013586971148290147 0.8779136540062089 
8.919781884798028E-4 0.9701606924407757 
0.20945185621736678 0.48105755918383536 
0.0028317330916432133 0.9465363781390942 
3.658380875381194E-4 0.9808722665499214 
0.19922128387655458 0.5694724397885415 
0.6275689799082231 -0.2701837102625691 
0.22042718390855065 0.41259452851637896 
0.42743865735508746 0.021722099546729476 
0.6270141717220099 -0.26232043075185174 
0.1993230556862296 0.562588876375067 
0.026060415768948963 0.8308950820596886 
0.20143625241714194 0.5454371491555183 
0.8298316944786732 -0.5797102112400162 
0.002274585277939334 0.9521474646353599 
0.4109923510808755 0.2197874782471572 
0.8296819594096557 -0.5771895416863034 
0.24648194721492572 0.2593697036117379 
0.6255775457976382 -0.24123729607921834 
0.412595021255383 0.19863535007105845 
